1551
1408
1498
1433
1408
1425
1558
1527
1667
1741
1782
1423
1339
1742
2035
1542
1311
1410
1306
1632
1375
1450
1581
1758
1561
1861
1512
1811
1439
1693
1339
1798
1419
1665
1559
1452
1581
1439
1379
1350
1362
1368
1368
1372
1472
1489
1843
1418
1425
1412
2861
1383
1497
1565
1691
1512
1477
1513
1661
1378
1393
1592
1829
1812
1523
1394
1679
1466
1527
1410
1924
1452
1369
1592
1601
1379
1461
1455
1398
1402
1445
1450
1453
1469
1422
1804
1436
1544
1419
1487
1753
1830
1727
1450
1622
1351
1575
1750
1529
1523
1852
1991
1555
1441
1450
1591
1445
1497
1621
1572
1872
1499
1498
1486
1680
1431
1564
1599
1707
1467
1433
1558
1310
1546
1727
1560
1329
1413
1587
1559
1473
1737
1441
1430
1369
1711
1420
1297
1449
1268
1511
1544
1778
1407
1391
1513
1612
1515
1379
1473
1422
1463
1584
1850
1528
1987
1495
1478
1499
1471
1282
1412
1586
1468
1440
1733
1612
1458
1433
1318
1610
1462
1924
1591
1306
1382
1618
1988
1436
1304
1475
1824
1342
1485
1667
1446
1301
1379
1606
1539
1477
1666
1398
1678
2678
1453
1432
1527
1588
1433
1609
1575
1636
1490
1741
1344
1609
1421
1591
1477
1523
1575
1344
1386
1589
1548
1499
1664
1447
1434
1416
1827
1304
1569
1584
1362
1329
1539
1629
1538
1570
1408
1424
1512
1478
1680
1495
1552
1393
1611
1339
1777
1348
1442
1395
1627
1585
1469
1362
1405
1662
1466
1620
1357
1514
1489
1331
1615
1482
1420
1522
1654
1736
1587
1390
1454
1440
1954
1800
1524
1520
1452
1484
1426
1652
1401
1750
1479
1620
1819
1456
1626
1390
1469
2051
1568
1589
1805
1385
1436
1438
1473
1335
1392
1372
1716
1395
1713
2129
1567
1622
1740
1512
1479
1737
2129
1374
1579
1305
1449
1526
1453
1468
1313
1300
1646
1714
1685
1512
1612
1550
1518
1448
1561
1488
1699
1501
1373
1703
1720
1398
1391
1538
1647
1469
1749
1995
1742
1563
1713
1474
1530
1471
1388
2448
1585
1459
1544
1617
1595
1400
1611
1507
1674
1658
1623
1398
1517
1467
1567
1521
1596
1640
1438
1407
1353
1552
1569
1489
1587
1622
1604
1405
1412
1431
1533
1401
1424
1754
1754
2564
1546
1335
1842
1712
1414
1319
1249
1455
1408
1460
1491
1490
1350
1528
1571
1490
1774
1502
1392
2100
1722
1678
1273
1297
1350
1439
1600
1434
1459
1472
1429
1388
1573
1588
1511
1495
1394
2151
1501
1301
1657
1333
1484
1430
1665
1501
1496
1595
1208
1596
1446
1466
1848
1484
1493
1504
1538
1341
1535
1389
1393
1399
1469
1582
1793
1452
1376
1552
1622
1419
1440
1643
1510
1468
1429
1478
1276
1486
1476
1431
1402
1433
2874
1511
1456
1550
2182
1619
1586
1499
1419
1497
1520
1478
1380
1570
1468
1833
1323
1583
1556
1548
1324
1568
1685
1582
1463
1584
1347
1459
1420
1404
1470
1326
1459
1530
1505
1611
1515
1804
1464
1390
1442
1529
1610
1543
1445
1893
1415
1564
1479
1426
1428
1620
1715
1732
1391
1924
2027
1617
1497
1448
1401
1620
1466
1373
1592
1553
1569
1709
1549
1443
1675
1623
1365
1759
1516
1499
1775
1473
1296
1803
1563
1831
1958
1809
1482
1332
1437
1698
1274
1622
1564
1368
1539
1357
1433
1650
1503
1318
1678
1574
1529
1669
1570
1541
1680
1935
1596
1498
1676
1351
1472
1439
1410
1440
1591
1533
1700
1798
1394
1341
1697
1419
2001
1501
1623
1628
1491
1517
1525
1668
1312
1278
1330
1530
1428
1480
1616
1547
2194
2000
1336
1542
1693
1461
1565
1403
1629
1534
1553
1563
1634
1445
1642
1686
1393
1433
1507
1389
1408
1725
1926
1509
1545
1533
1455
1335
1523
1460
1554
1419
1442
1507
1858
1463
1585
1536
1403
1515
1390
1226
1495
1608
1392
1461
1559
1400
1732
1611
1503
1391
2015
1683
1435
1732
1365
1562
1449
1700
1427
1479
1469
1390
1729
1470
1459
1738
1471
1822
1554
1433
1449
1456
1424
1577
1478
1295
1372
1432
1656
1410
1874
1538
1636
1504
1531
1735
1354
1413
1563
1479
1477
1394
1487
1815
1453
1539
1416
1683
1515
1531
1479
1516
1507
1434
1838
1416
1357
1697
1443
1453
1439
1609
1324
1420
1545
1477
1447
1809
1696
1427
1500
1390
1640
1628
1499
1425
1586
1471
1431
1924
1421
1305
1557
1555
1474
1506
1390
1450
1513
1643
1361
1450
1451
1289
1356
1528
1978
1535
1843
1422
1536
1483
1492
1584
1555
1497
1537
1505
1646
1286
1400
1337
1332
1561
1546
1713
1343
1391
1311
1453
1510
1448
1453
1468
1382
1580
1666
1409
1675
1698
1579
1743
1497
1741
1435
1440
1641
1420
1611
1373
1683
1547
1605
2010
1565
1828
1579
1882
1285
1571
1549
1544
1412
1422
1867
1424
1452
1550
1588
1338
1513
1470
1516
1434
1368
1304
1398
1516
1474
1547
1482
1436
1474
1481
1501
1566
1579
1631
1544
1521
1616
1333
1533
1368
1465
1406
1565
1582
1439
1566
1485
1566
1439
1416
2833
1465
1586
1567
1389
1368
1444
1498
1615
1898
1350
1516
1542
1541
1951
1645
1416
2044
1414
1678
1594
1514
1358
1325
1339
1335
1892
1575
1444
1915
1584
1685
1337
1235
1464
1739
1490
1356
1397
1458
2161
1651
1389
1370
1408
1343
1423
1426
1435
1573
1612
1446
1329
1569
1256
1383
2270
1458
1474
1462
1669
1822
1456
1546
1490
1569
1621
1518
1526
1589
1475
1473
1407
1518
1593
1380
1423
1800
1623
1372
1396
1949
1419
1453
1542
1363
1597
1326
1641
1418
1263
1823
1488
1443
1650
1462
1477
1712
1347
1287
1428
1426
1636
1424
1509
1448
1650
1414
1911
1632
1387
1399
1505
1534
1493
1480
1621
1737
1508
1641
1532
1547
1412
1568
1557
1644
1679
1511
1628
1392
1917
1526
1389
1409
1655
1516
1526
1419
1748
1638
1534
1774
2119
1414
1523
1651
1485
1168
1566
1286
1446
2071
1560
1654
1662
1646
1444
1424
1382
1413
1633
1441
1385
1552
1451
1433
1619
1445
1356
1319
1637
1291
1398
1372
1454
1515
1881
1711
1475
1512
1335
1472
1477
1760
1549
1648
1556
1958
1403
1684
1596
1498
1524
1502
1809
1542
1431
1512
1403
1331
1474
1607
1415
1671
1556
1927
1597
1627
1480
1565
1573
1605
1874
1424
1420
1372
1664
1409
1718
1544
1466
1394
1840
1477
1425
1414
1414
1595
1345
1653
1547
1656
1731
1774
1521
1420
1683
1498
1385
1455
1549
1392
2008
1464
1447
1685
1443
1354
2721
1680
1397
1521
1472
1695
1607
1347
1540
1389
1734
1540
1515
1504
1557
1292
1432
1350
1790
1540
2077
1487
1523
1443
1340
1654
1459
1541
1386
1258
1375
1706
1672
1843
1690
1413
1489
1271
1418
1426
1535
1557
1653
1435
1569
1385
1635
1423
1479
1296
1553
1529
1690
1348
1446
1456
1350
1507
1448
1626
1846
1404
1583
1436
1609
1834
1316
1400
1367
1754
1487
1506
1362
1584
1355
1823
1517
1446
1559
1352
1578
1429
1604
1398
1441
1531
1379
1410
1513
1497
1491
1417
1522
1339
1794
1460
1776
1431
1347
1507
1408
1493
1441
1557
1979
1430
1658
1355
1410
1521
1371
1318
1573
1489
2540
1537
1416
1359
1551
1694
1709
1514
1455
1702
1357
1577
1399
1399
1492
1763
1492
1488
1422
1583
1304
1880
1604
1500
1364
2440
1654
1359
1502
1615
1482
1636
1621
1468
1432
1726
1588
1653
1513
1489
1467
1549
1359
1533
1309
1430
1419
1535
1466
1427
1280
1528
1885
1648
1400
2243
1558
1633
1549
1496
1467
1276
1490
1562
1397
1530
1362
1693
1408
1398
1531
1521
1427
1546
1356
2153
1492
1582
1419
1441
1635
1429
1675
1868
1582
1486
1402
1621
1428
1343
1458
1322
1483
1505
1593
2098
1672
1487
1423
1750
1654
1498
1587
1473
1359
1635
1520
1507
1428
1582
1929
1540
1362
1452
1361
1243
1567
1411
1814
1719
1663
1696
1771
1868
1558
1365
1371
1583
1613
1721
1668
1569
1328
1596
1676
1809
1804
1533
1717
1363
1402
1436
1525
1598
1444
1334
1681
1593
1461
1693
1404
1707
1458
1517
1433
1566
1676
1368
1581
1708
1481
1451
1495
1573
1366
1553
1528
1527
1461
1455
1620
1786
1583
1653
1331
1484
1603
1445
1823
1491
1533
1409
2737
1494
1594
1527
1452
1483
1569
1472
1533
1366
1532
1313
1372
1555
1394
1442
1564
1452
1466
1469
1944
1415
1528
1570
1617
2083
1541
1320
1354
1495
1589
1530
1539
1462
1356
1622
1394
1568
1456
1378
1404
1437
1363
1377
1526
1510
1439
1482
1534
1741
1550
1486
1602
1477
1618
1628
1662
1657
1677
1447
1831
1584
1450
1428
1382
1501
1475
1364
1472
1437
1491
1706
1607
1412
1546
1365
1544
1419
1497
1437
1421
1438
1315
1366
1519
1692
1570
1568
1355
2056
1332
1448
1578
1562
1976
1524
1429
1568
1723
1341
1353
1479
1496
1377
1383
1268
1629
1790
2206
2101
1436
1462
1771
1506
1626
1610
1376
1507
1429
1547
1642
1503
1568
1628
1614
1278
1408
1371
1512
1472
1585
1562
1519
1601
2449
1787
1425
1559
1557
1497
1438
1417
1339
1757
1581
1326
1467
1798
1449
1525
2304
1379
1628
1474
1544
1391
1348
1349
1706
1638
1458
1781
1332
1584
1491
1398
1585
1476
1458
1510
1388
2216
1402
2090
1459
1403
1521
1407
1654
1452
1528
1230
1466
1478
2057
1490
1484
1593
1444
1444
1560
1530
1310
1639
1400
1486
1448
1688
1453
1497
1355
1592
1544
1373
1365
1877
1531
1501
1490
1543
1597
1600
1622
1452
1396
1505
1412
1393
1581
1573
1726
1540
1296
1802
1447
1662
1563
1286
1590
1492
1844
1538
1921
1310
1365
1303
1499
1451
1336
1412
1433
1426
1476
1406
1383
1505
1665
1397
1450
1567
1555
1588
1453
1622
1538
1527
1761
1373
1482
1417
1414
1635
1386
1379
1577
1532
1374
1570
1697
1499
1411
1462
1759
1535
1491
1551
1769
1551
1544
1528
1614
1432
1384
1540
1407
1418
1647
1644
1792
1610
1804
1604
1403
1438
1824
1663
1502
1606
1561
1435
1602
1764
1683
1618
1509
1550
1519
1481
1289
1844
1479
1430
1636
1503
1608
1521
1439
1627
1749
1530
1355
1551
1515
1388
1585
1523
1369
1681
1503
1459
1688
1952
2029
1457
1392
1906
1602
1465
1439
1330
1485
1700
1515
1501
1380
1544
1743
1948
1260
1640
1363
1379
1713
1461
1624
1526
2381
1626
1576
1617
1942
1492
1470
1463
1424
1363
1335
1608
1606
1684
1950
1460
1511
1318
1368
1717
1520
1485
1981
1605
1446
1508
1384
1519
1404
1564
1555
1325
1488
1595
1662
1571
1553
2886
1538
1618
1364
1442
1313
1847
1524
1445
1761
1514
1498
1542
1508
1431
1427
1524
1427
1496
1388
1495
1376
1593
1654
2567
1767
1364
1569
1476
1479
1650
1565
1460
1664
1435
2066
1493
1354
1488
1414
1391
1784
1516
1420
1351
1880
1859
1315
1330
1327
1498
1555
1518
1392
1456
1715
1405
1668
1855
1496
1471
1444
1514
1412
1429
1668
1372
1365
1526
1486
1470
1249
1752
1643
1488
1355
1607
1609
1517
1517
1546
1567
1662
1502
1361
1630
1486
1840
1326
1367
1598
1363
1242
1566
1424
1608
1705
1548
1581
1472
1792
1683
1503
1642
1902
1432
1512
1764
1438
1631
1880
1344
1574
1418
1372
1388
1493
1505
1694
1968
1569
1687
1430
1504
1977
1435
1547
1316
1621
1492
1643
1492
1387
1463
1496
1658
2161
1665
1716
1529
1353
1537
1606
1314
1623
1483
1569
1969
1686
1638
1698
1377
2129
1411
1517
1303
1578
1425
1456
1704
1791
1616
1622
1462
1410
1543
1479
1839
1266
1593
1459
1308
1364
1618
1464
1352
1446
1448
1391
1379
1405
1581
1515
1589
1281
1631
1202
1298
1612
1747
1450
1422
1419
1633
1442
1420
1301
1385
1487
1459
1387
1537
1498
1599
1420
1785
1423
1583
1375
1463
1403
1451
1416
1672
1637
1540
1279
1604
1654
1564
1451
1504
1381
1562
1811
1717
1278
1616
1397
1485
1310
1301
1458
1483
1375
1660
1560
1480
1373
1444
1722
1469
1360
1750
1349
1668
1400
1331
1444
1359
1425
1469
1892
1940
1405
1449
1686
1680
1397
1597
1470
1703
1388
1775
1465
1586
1675
1470
1477
1382
1605
1643
1333
1520
1902
1386
1803
1359
1477
1321
1453
1419
1512
1553
1534
1553
1352
1313
1570
1677
1602
1390
1544
1701
1692
1523
2280
1485
1513
1743
1442
1462
1439
1577
1331
1941
1393
1433
1444
1564
1377
1525
1387
1326
1401
1596
1471
1528
1325
1376
1600
1495
1645
1417
1415
1496
1508
1436
1852
1863
1373
1404
1381
1762
1429
1858
1908
1503
1523
1491
1430
1258
1449
1425
1800
1607
1391
1432
1660
1732
1473
1511
1588
1623
1734
1415
1419
1577
1376
1442
1451
1550
1647
1550
1583
1613
1636
1289
1648
1397
1767
1341
1457
1939
1399
1602
1507
1464
1336
1422
1540
1476
1867
1588
1420
1415
1500
1502
1816
1495
1572
1590
1387
1393
1602
1601
1597
1548
1314
1577
1475
1630
1445
1439
1420
1554
1471
1648
1472
1448
1568
1613
1551
1412
1478
1268
1546
1567
1548
1614
1352
1624
1436
1591
1435
1386
1401
1245
1475
1473
1355
1468
1645
1347
1713
1435
1736
1372
1605
1413
1645
1465
1685
1965
1542
1681
1446
1415
1672
2549
1492
1455
1422
1403
1474
1381
1457
1711
1667
1465
1542
1438
1406
1396
1304
1442
1396
1424
1451
1386
1325
1559
1489
1892
1319
1431
1521
1435
1533
1529
1415
1330
1381
1370
1438
1314
1437
1821
1448
1589
1520
1605
1393
1408
1459
1525
1390
1536
1459
1387
1378
1381
1289
1746
1541
1504
1321
1886
1422
1520
1627
1512
1553
1802
1482
1446
1371
1586
1515
1374
1455
1342
1260
1623
1371
1611
1535
1491
1441
1725
1368
1526
1542
1605
1405
1700
1440
1314
1514
1401
1636
1603
1487
1420
1579
1484
1390
1384
1378
1445
1445
1509
1434
1877
1651
1466
1479
1409
1674
1305
1755
1475
1402
1410
1436
1386
1744
1393
1422
1841
1433
1305
1498
1772
1381
1413
1388
1631
1520
1510
1366
1845
1485
1496
1468
1856
1620
1409
1404
1350
1538
1476
1364
1582
1348
1450
1242
1493
1601
1568
1506
1524
1543
1474
1526
1867
1487
1580
1340
1544
1488
1742
1592
1582
1490
1594
1462
1367
1325
1448
2008
1498
1437
1499
1356
1539
1689
1559
1408
1886
1415
1587
1571
1576
1660
1328
1450
2384
1443
2022
1828
1472
1372
1855
1377
1432
1335
1411
1510
1441
1358
1686
1662
1426
1330
1693
1426
1676
1332
1647
1267
1375
1422
1408
1440
1772
1492
1650
2329
1648
1653
1946
1555
1661
1434
1297
1466
1517
1742
1580
1534
1481
1429
1574
1524
1507
1467
1301
1429
1555
1503
1459
1449
1387
1456
1604
1734
1378
1504
1402
1524
1593
1772
1623
1356
1500
1566
1445
1382
1418
1329
1491
1573
1521
1467
1325
1617
1476
1515
1408
1468
1387
1503
1410
1615
1511
1405
1526
1530
1583
2069
1490
1736
1395
1425
1631
1535
1584
1543
1635
1446
1598
1501
1450
1730
1571
1438
1510
1389
1490
1729
1495
1281
1353
1429
1413
1502
1553
1712
1786
1951
1541
1605
1578
1440
1489
1366
1541
1552
1473
1531
1511
1449
1440
1881
1447
1326
1607
1551
1496
1493
1304
1420
1766
1450
1872
1713
1497
1352
1499
1972
1422
1523
1563
1391
1795
1293
1345
1615
1342
1502
1620
1537
2248
1706
2250
1396
1522
1539
1415
1446
1486
1426
1449
1320
1447
1422
1399
1427
1334
1385
1552
1534
1448
1409
1621
1547
1957
2421
1571
1634
1516
1207
1670
1461
1569
1556
1506
1642
1283
1375
1399
1650
1346
1410
1586
1372
1529
1652
1532
1554
1462
1254
1294
1739
1412
1372
1420
1542
1401
1510
1547
1453
1408
1436
1582
1280
2008
1772
1779
1567
1751
1349
1425
1395
1595
1291
1509
1483
1620
1487
2256
1691
1663
1640
1494
1467
1399
1445
1480
1546
1574
1592
1495
1447
1476
1641
1545
1364
1590
1460
1609
1633
1348
1322
1641
1728
1431
1641
1622
1625
1869
1452
1618
2010
1363
1473
1333
1760
1372
1608
1326
1560
1539
2266
1641
1574
1407
1302
1651
1366
1701
1498
1422
1357
1690
1559
1553
1558
1362
1470
1555
1423
1434
1779
1417
1425
1597
1346
1422
1572
1412
1576
1508
1496
1572
1525
1378
1369
1476
1620
1603
1411
1616
1631
1685
1456
1417
1851
1715
1630
1478
1781
1439
1412
1483
1400
1299
1479
1491
1389
1399
1889
1925
1675
1477
1364
1451
1467
1858
1559
1560
1453
1464
1308
1353
1556
2183
1491
1528
1430
1495
1630
1524
1326
1438
1356
1416
1584
1597
1553
1405
1539
1398
1568
1404
1500
1642
1509
1343
1450
1460
1364
1452
1471
1598
1772
1761
1413
1887
1395
1569
1434
1417
1729
1356
1436
1419
1593
1320
1448
1470
1612
1412
1875
1612
1411
1490
1467
1807
1368
1572
1458
1699
1478
1362
1487
1705
1345
1532
1650
1398
1412
1525
1391
1766
1671
1373
1347
1539
1470
1528
1471
1528
1417
1549
1463
1479
1867
1471
1380
1623
1997
1390
1418
1519
1519
1536
1680
1555
1471
1877
1578
1655
1502
1367
1541
1588
1684
1437
1409
1320
1635
1691
1365
1523
1593
1682
1329
1568
1733
1473
1633
1530
1550
1410
1574
1425
1541
1733
2496
1552
1409
1581
1251
1500
1576
1352
1661
1541
1888
1255
1411
1516
1492
1726
1598
1657
1481
1397
1461
1388
1507
1421
1258
1482
1403
1373
1460
1751
1546
1680
1394
1810
1479
1431
2355
1996
1461
2007
1505
1925
1622
1592
1850
1470
1445
1685
1667
1578
1691
1439
1404
1498
1481
1589
1467
1654
1508
1439
1692
1838
1601
1369
1312
1468
1452
1393
1432
1510
1521
1360
1881
1413
1642
1542
1447
1530
1795
1290
1639
1596
1455
1659
1532
1502
1688
1341
1685
1370
1461
1550
1508
1345
1616
1395
1324
1445
1555
1449
1466
1503
1488
1314
1547
1466
1537
1434
1432
1390
1580
1589
1441
1305
1566
1379
1543
1421
1760
1711
1465
1366
1888
1777
1379
1525
1563
1389
1447
1934
1470
1428
1319
1887
1349
1665
1474
1543
1459
1551
1981
1526
1501
1558
1532
1326
1431
1366
1421
1506
1342
1427
1667
1400
1709
1368
1882
1353
1553
1431
1731
1687
1457
1533
1622
1791
1631
2174
1314
1478
1783
1385
1444
1841
1349
1340
1539
1932
1407
1712
1329
1441
1610
1474
1624
1520
1448
1558
2293
1397
1972
1574
1560
1353
1389
1513
1578
1467
1412
1668
1678
1612
1485
1456
1504
1491
1525
1759
1355
1345
1683
1658
1566
1469
1458
1858
1563
2141
1473
1498
1568
1694
1499
1717
1462
1642
1760
1660
1557
1442
1359
1342
1435
1567
1376
1513
2563
1521
1658
1419
1478
1415
1780
1440
1448
1500
1513
1428
1473
1483
1534
1367
1467
1488
1679
1409
1367
1314
1480
1549
1685
1536
1539
1384
1614
1675
1685
1386
1488
1624
1600
1468
1435
1564
1329
1570
1433
1527
1443
1616
1654
1685
1456
1752
1438
1551
1599
1732
1418
1401
1454
1635
1489
1465
1463
1560
1454
1479
1430
1533
1404
1548
1612
1642
1406
1587
1364
1462
1649
1752
1396
2179
1653
2025
1426
1503
1525
1423
1435
1495
1557
1474
1465
1589
1475
1442
1556
1425
1580
1474
1489
1946
1342
1758
1724
1430
1612
1469
1384
1724
1397
1588
1468
1594
1511
1493
1709
1501
1668
1502
1288
1491
1519
1984
1643
1625
2068
1469
1558
1344
1455
1355
1269
1550
1525
1696
1937
1689
1593
1565
1665
1532
1438
1531
1506
1382
1456
1445
1515
1449
1362
1687
1618
1558
1662
1295
1385
1479
1400
1357
1657
1496
1379
1548
1499
1390
1538
1365
1503
1390
1497
1577
1432
1563
1433
1384
1346
1459
1639
1737
1489
1492
1217
1636
1436
1689
2289
1522
1351
1589
1578
1587
1962
2432
1418
1683
1385
1559
1671
1343
1548
1705
1535
1564
1510
1492
1452
1329
1382
1628
1706
1594
1761
1529
1532
1673
1285
1680
1610
1632
1559
1367
1355
1414
1522
1525
1394
1519
1445
1555
1633
1630
1692
1790
1350
2760
1584
1989
1431
1568
1376
1459
1385
1591
1568
1459
1590
1376
1510
1674
1426
1466
1474
1290
1435
1416
1599
1466
1408
1490
1405
1647
1459
1648
1675
1605
1536
1617
1347
1337
1695
1635
1470
1381
1382
1697
1451
1419
1313
1560
1555
1579
1435
1621
1555
1611
1834
1612
1629
1496
1593
1623
1380
1562
1391
1551
1821
1429
2012
1924
1412
1389
1466
2297
1471
1492
1460
1559
1495
1535
1381
1599
1400
1624
1478
1605
1506
1455
1602
1425
1918
1611
1610
2639
1329
1270
1415
1330
1786
1809
1303
1383
1447
1461
2092
1429
1736
1441
1523
1691
1557
1644
1522
1547
1597
1619
1400
1663
1540
1455
1519
1427
1650
1508
1379
1542
1763
1590
1336
1638
1356
1384
1309
1642
1289
1353
1871
1291
1346
1493
1524
1726
1435
1502
1608
1771
1474
1322
1393
1417
1430
1605
1402
1550
1376
1569
1669
1541
1651
1521
1365
1609
1470
1573
1378
1567
1441
1641
1486
1563
1769
1672
1632
1980
1635
1686
1574
1546
1899
1449
1483
1576
1317
1467
1616
1299
1432
1799
1358
1618
1525
1551
1735
1309
1743
1659
1680
1486
1471
1465
1492
1420
1295
1548
1372
1552
1441
1691
1451
1452
1406
1567
1599
1455
1625
2672
1650
1459
1395
1751
1192
1947
1593
1478
1505
2465
1403
1458
1369
1377
1452
1517
1354
1724
1399
1388
1523
1377
1417
1542
1557
1641
1318
1638
1954
1644
1594
1405
1622
1557
1606
1647
1413
1529
1448
1435
1474
1657
1509
1530
1587
1467
1360
1588
1609
1415
1845
1419
1634
1521
1499
1616
1449
1626
1445
1622
1544
1488
1309
1784
1548
1413
1863
1427
1443
1481
1446
1444
1341
1518
1603
1686
1383
1477
1449
1734
1398
1639
1517
1442
1685
1358
1608
1665
1510
1465
1701
1486
1658
1449
1346
1866
1562
1368
1567
1725
1744
1453
1550
1558
1270
1380
1406
1625
1420
1889
1477
1460
1758
1521
1511
1530
1454
1928
1758
1649
1447
1417
1434
1418
1400
1725
1567
1497
1549
1754
1489
1543
1543
1565
1855
1475
1609
1443
1450
1590
1508
1544
1451
1758
1507
1543
1505
1786
1457
1312
1405
1377
1347
1470
1873
1434
1628
1351
1454
1663
1401
1503
1564
1759
1409
1738
1393
1499
1493
1652
1589
1520
1455
1463
1442
1329
1546
1516
1476
1412
1377
1490
1526
1428
1329
1443
1373
1630
1555
1436
1609
1384
1448
1887
1480
1850
1538
1721
1366
1657
1446
1465
1827
1397
1744
1545
1587
1377
1511
1650
1412
1528
1459
1379
1356
1409
1504
1622
1786
1506
1916
1771
1488
1531
1529
1580
1360
1546
1762
1350
1562
1608
1392
1467
1326
1769
1459
1421
1491
1567
1421
1596
1464
1581
1620
1413
1438
1469
1762
1366
1891
1742
1465
1541
1295
1435
1466
1450
1880
1578
1610
1565
1545
1227
1484
1591
1403
1450
1720
1561
1421
1415
2034
1486
1338
1578
1330
1506
1559
1599
1427
1481
1496
1674
1629
1629
1311
2709
1759
1480
1461
1728
1389
1638
1254
1427
1627
1471
1773
1430
1595
1521
1419
1534
1626
1677
1392
1448
1903
1404
1386
1418
1338
1549
1432
1546
1627
1640
1423
1711
1450
1553
1630
1476
1426
1561
1297
1842
1633
1744
1831
1339
1475
1675
1493
1700
1453
1542
1358
1655
1885
1494
1757
1718
1636
1638
1609
1556
1442
1501
2041
1784
1953
1576
1518
1227
1985
1802
1603
1400
1395
1987
1398
1333
1381
1570
1658
1749
1510
1384
1570
1571
1476
1484
1909
1448
1500
1510
1378
1538
1390
1642
1785
1526
1668
1507
1530
1479
1418
1504
1345
1625
1511
1535
1505
1540
1372
1510
1382
1439
1375
1931
1475
1389
1652
1386
1577
1444
1554
1602
1692
1682
1614
1324
1434
1621
1625
1394
1586
1420
1422
1598
1454
1519
1373
1406
1492
1369
1471
1630
1605
1447
1360
1728
1740
1477
1658
1902
1783
1558
1351
1452
1666
1364
1351
1729
1574
1566
1455
1679
2143
1447
1383
1772
1615
1454
1445
1609
1546
1567
1767
1539
1564
1445
1419
1881
1421
1455
2691
1505
1456
1383
1563
2305
1456
1865
1597
1495
1456
1465
1352
1906
1446
1948
1480
1511
1472
1429
1405
1405
1348
1331
1610
1412
1453
1583
1539
1635
1294
1978
1357
1336
1568
1567
1611
1841
1567
1376
1477
1590
2197
1595
1812
1573
1651
1459
1370
1518
1648
1464
1895
1884
1450
1448
1389
1583
1425
1809
1892
1475
1361
1563
1472
1325
1358
1346
1381
1340
1366
1325
1376
1364
1462
1517
1385
1439
1623
1438
1708
1666
1286
1485
1409
1765
1688
1787
1487
1384
1311
1620
1331
1462
1424
1500
1738
1465
1482
1398
1972
1603
1610
1373
1425
1212
1828
1370
1823
1263
1889
1639
1608
1653
1591
1696
1346
1507
1525
1559
1632
1559
1355
1832
1386
1346
1499
1612
1544
1477
1624
1349
1686
1521
1362
1402
1334
1348
1570
1601
1611
1560
1444
1317
1463
1634
1423
1548
1563
1573
1432
1638
1571
2211
1555
1558
1523
1723
1721
1710
1627
1422
1565
1314
1392
1465
1573
2157
1370
1462
1479
1717
1260
1467
1535
1657
1698
1359
1596
1383
2203
1408
1673
1340
1452
1302
1522
1438
1604
1832
1521
1446
1905
1475
1462
1435
1469
1520
1537
1369
1506
1330
1660
1356
1438
1329
1284
1387
1591
1589
1297
1545
1418
1730
2001
1620
1542
1424
1440
1520
1694
1610
1331
1470
1577
1486
1445
1500
1456
1743
1409
1361
1753
1832
1374
1334
1493
1317
1434
1457
1391
1781
1642
2032
2372
1393
1743
1457
2825
1609
1437
1402
1644
1471
2695
1435
1694
1687
1869
1259
1460
1501
1776
1468
1430
1502
1623
1651
1639
1417
1541
1411
1397
1686
1431
1341
1486
1384
1362
1660
1326
1566
1549
1746
1452
1588
1472
1607
1423
1440
1397
1524
1533
1398
1284
1491
1418
1546
1598
1724
1507
1595
1568
1432
1424
1386
1456
1280
1649
1407
1606
1531
1543
1379
1447
1844
1615
1449
1388
1447
1664
1735
1308
1480
1439
1533
1551
1414
1551
1436
1385
1732
1410
1446
1525
1298
1443
1442
1719
1532
1701
1355
1421
1368
1458
1572
1483
1513
1383
1539
1563
1653
1353
1468
1506
1388
1485
1331
1326
1394
2009
1358
1586
1688
1450
1398
1520
1514
1532
1365
1642
2676
1873
1325
2157
1563
1631
1547
1479
1379
1906
1731
1688
1443
1445
1435
1556
1321
1577
1578
1418
1392
1446
1329
1563
1405
2224
1716
1584
1488
1374
1378
1551
1549
1447
1400
1401
1597
1487
1710
1478
1743
1596
1642
1263
2016
1671
1404
1470
1617
1725
1446
1564
1670
1501
1551
1563
1351
1415
1647
1477
1923
1305
1544
1568
1489
1451
1542
1965
1436
1509
1487
1967
1409
1420
1511
1649
1359
1605
1523
1614
1721
1638
1307
1642
1751
1645
1426
1520
1709
1426
1429
1346
1454
1411
1900
1479
1415
1539
1520
1480
1666
1456
1865
1918
1488
1527
1463
1521
1372
1507
1586
1487
1520
1422
1375
1633
1503
1351
1548
1923
1592
1580
1427
1581
1542
1349
1463
1429
1451
1511
1549
1507
1524
1880
1461
1748
1690
1349
1686
1369
1433
1597
1610
1398
1977
1516
1275
1402
1451
1555
1636
1312
1708
1556
1436
1402
1437
1926
1800
1641
1374
1494
1601
1634
1467
1550
1563
1395
1507
1564
1721
1456
2102
1555
1409
1387
1460
1361
1490
1399
1420
1359
1372
1409
1452
1820
1469
1556
1980
1519
1456
1394
1365
2194
1403
1503
1793
1829
1831
1335
2056
1336
1341
1526
1525
1428
1511
1664
1592
1597
1735
1751
1383
1330
1382
1755
1614
1466
1847
1474
1657
1435
1494
1238
1324
1514
1732
1497
1958
1630
1395
1658
1349
1452
1594
1510
1854
1626
1628
1679
1489
1439
1350
1607
1389
1566
1307
1569
1651
1692
1373
1610
1511
1412
1501
1414
1629
1879
1466
1476
1695
1491
1659
1567
1736
1421
1627
1562
2183
1577
1560
1483
1535
1606
1817
1424
1514
1449
1573
1564
1428
1620
1584
1222
1432
1561
1614
1959
1944
1793
1446
1673
1515
1564
1451
1693
1476
1712
1425
1337
1690
1353
1927
1391
1366
1771
1515
2133
1341
1406
1306
1508
1301
1539
1484
1507
1544
1513
1336
2102
1351
1601
1393
1592
1409
1393
1475
1427
1763
1363
1404
1688
1510
1502
1607
1384
1295
1991
1497
1465
1361
1546
1332
2663
1443
1402
1892
1645
1473
1309
1544
1344
1617
1435
1391
1827
1761
1522
1818
1371
1511
1404
1384
1368
1641
1642
1401
1577
1396
1514
1646
1443
1469
1564
1498
1699
1431
1390
1380
1457
1418
1353
1574
1318
1710
1621
1606
1375
1503
1404
1656
1499
1748
1531
1536
1401
1534
1521
1674
1967
1696
1627
1405
1565
1493
1499
1692
2268
1438
1515
1491
1756
1366
1436
1377
1510
1419
1315
1806
1649
1402
1298
1441
1489
1842
1316
1583
1548
1434
1397
1475
1441
1363
1619
1487
1568
1375
1698
1606
1349
1535
1504
1946
1326
1915
1451
1624
1781
1345
1418
1718
1631
1513
1316
1474
1619
1702
1540
1546
1348
1520
1527
1406
1462
1684
1655
1748
1372
1481
1512
1632
1525
1756
1922
1448
1447
1597
1642
1525
1460
2168
1388
1630
1616
2232
1480
1363
1436
1607
1459
1481
1606
1681
1511
1593
1532
1386
1769
1561
1457
1506
1337
1287
1615
1972
1522
1680
1502
1543
1584
1340
1663
1693
1418
1554
1580
1479
1284
1540
1606
1286
1502
1699
1602
1436
1765
1418
1669
1395
1500
1555
1919
1596
1374
1670
1702
1366
2344
1768
1523
1735
1339
1800
1456
1789
1602
1364
1793
1426
1485
1528
1565
1838
1811
1461
1414
1426
1359
1540
1429
1612
1685
1558
1811
1869
1256
1789
1502
1303
2497
1499
1393
1475
1573
1819
1642
1540
1400
2659
1825
1532
1832
2174
1627
1437
1364
1444
1366
1442
1488
1523
1543
1634
1815
1594
1452
1759
1408
1483
1620
1466
1556
1350
1404
1575
1639
1473
1481
1294
1630
1624
1437
1514
1694
1564
1514
1500
1615
1586
1732
1689
1586
1314
1569
1468
1412
1510
1410
1680
1271
1472
1701
1480
1433
1514
1619
1378
1430
1367
1526
1419
1542
1363
1313
1495
1407
1566
1550
1396
1540
1380
1608
1442
1408
1454
1666
1366
1464
1775
1482
1411
1410
1494
1590
1327
1969
1377
1541
1685
1465
1483
1570
1345
1608
1415
1470
1428
1627
1457
1475
1438
1437
1518
1587
1399
1469
1374
1519
1540
1394
1389
1732
1556
1441
1382
1481
2113
1401
1611
1512
1411
1424
1469
1684
1532
1557
1416
1802
2245
1434
1725
1668
1452
1415
1824
1438
1883
1735
1464
1489
1510
1585
1509
1568
1525
1607
1670
1585
1569
1507
1452
1590
1409
2643
1644
1568
1625
1482
1397
1459
1490
1434
2028
1464
1713
1624
1421
1546
1639
1696
1470
1480
1329
1740
1739
1390
1740
1844
1388
1517
1450
1584
1720
1586
1901
1397
2012
2354
1648
1632
1427
1452
1416
1310
1408
1668
1551
1517
1570
1428
1503
1416
1396
1335
1671
1989
1468
1711
1488
1664
1507
1466
1433
1397
1429
1572
1532
1316
1420
1589
1365
1633
1626
1665
1350
1590
1437
1403
1440
1343
1790
2117
1458
1381
1450
1461
1511
1394
1499
1457
1753
1694
1683
1496
1721
1593
1575
1465
1405
1902
1422
1332
1307
1322
1547
1897
1403
1393
1482
1572
1544
1492
1513
1449
1877
1376
1883
1518
1438
1389
1504
1275
1534
1396
1395
1617
1423
1606
1501
1618
1522
1480
1469
1381
1525
1732
1523
1422
1506
1531
1507
1526
1406
1567
1464
1442
1336
1379
1406
2130
1355
1710
1309
1491
1481
1425
1680
1612
1530
1481
1422
1427
1460
1873
1566
1701
1710
1689
1637
1496
1402
1363
1576
1357
1399
1526
1694
1420
2116
1406
1456
1588
1448
1403
1405
2706
1505
1663
1482
1674
1594
1393
1404
1375
1607
1360
1524
1534
1262
1623
1642
1622
1530
1590
1589
1462
1328
1692
1968
1827
1397
1463
1643
1281
1518
1601
1548
1404
1766
1667
1507
1627
1435
1509
1809
1515
1530
1336
2030
1550
1446
1494
1651
1698
1504
1421
1754
1469
1433
1432
1366
1483
1572
1481
1473
1262
1529
1523
1416
1923
1411
1477
1454
1421
1858
1422
1444
1360
1954
1628
1433
1417
1462
1328
1527
1534
1410
1660
1386
1398
1321
1512
1566
1422
1647
1377
1775
1554
1423
1453
1590
1694
1462
1392
1550
1629
1524
1679
1394
1683
1626
1698
1392
1353
1426
2024
1648
1511
1465
1551
2329
1435
1361
1553
1451
1461
1895
1567
1602
1514
1453
1526
1339
1889
1561
1659
1424
1426
1383
1764
1439
1585
1346
1386
1369
1378
1336
1445
1763
1611
1564
1478
1781
1782
2000
1826
1344
1520
1611
1450
1499
1288
1350
1334
1376
1368
1357
1924
1551
1903
1417
1601
1543
1439
1657
1458
1746
1677
1520
1367
1509
1418
1958
1682
1452
1828
1484
1674
1448
2023
1452
1496
1397
1453
1524
1633
1363
1520
1532
1384
1539
1355
1504
1476
1721
1494
1465
1363
1648
1879
1482
1493
1433
1400
1255
1471
1357
1453
1540
1605
1374
1508
1366
1579
1306
1521
1411
1357
1436
1553
1451
1541
1341
1648
1640
1416
1671
1457
1445
1534
1508
1492
1562
1545
1738
1305
1477
1457
1455
1574
1695
1458
1454
2052
1673
1578
1642
1557
1481
1566
1298
1340
1574
1437
1354
1598
1944
1538
1501
1441
1652
1487
1605
1334
1340
1513
1510
1729
1745
1623
1378
1407
1674
1486
1483
1624
1257
1480
1404
1645
1932
1533
1292
1571
1578
1469
1728
1603
1597
1688
1405
1615
1515
1376
1447
1353
1502
1447
1487
1519
1668
1420
1473
1495
1574
1383
1591
1644
2370
1401
1414
1456
1447
1727
1495
1544
1387
1316
1794
1372
1674
1477
1397
1616
1530
1539
1845
1430
2080
1432
1479
1424
1534
1701
1462
1393
1453
1565
1281
1584
1466
1386
1383
1441
1592
1594
1482
1658
2170
1423
1543
1435
1320
1313
1453
1508
1451
1595
1354
1265
1867
1497
1347
1544
1456
1335
1452
1290
1448
1611
1556
1413
1545
1330
1596
1618
1597
1354
1746
1621
1398
1434
1443
1488
1475
1433
1557
1398
1559
1422
1463
1793
1872
1412
1487
1369
1673
1439
1574
1281
1653
1535
1483
1414
1379
1482
1987
1635
1533
1576
1330
1981
1475
1804
1416
1727
1391
1366
1366
1501
1551
1522
1369
1334
1451
1589
1708
1413
1415
1421
1348
1408
1525
1706
1395
1602
1907
1325
1408
1489
1680
1517
1618
1455
1543
1399
1469
1521
1584
1443
1416
1563
1542
1624
1471
1492
1465
1399
1431
1600
1593
1469
1413
1490
1671
1365
1557
1440
1489
1733
1580
1856
1454
1495
1761
1402
1670
1582
1542
1539
1418
1723
1303
1463
1544
1596
1413
1492
1624
1504
1574
1438
1474
1675
1457
1434
1668
1550
1834
1476
1541
1581
1678
1355
1700
1462
1727
1674
1397
2323
1434
1560
1573
1798
1567
1416
1424
1598
1760
1348
1542
1566
1554
1470
1758
1486
1402
1459
1494
1731
2076
2055
1469
1504
1396
1660
1577
1426
1458
1533
1701
1434
1952
1469
1800
1438
1647
1494
1445
1507
1234
1634
1334
1472
1410
1597
1460
1274
1517
1300
1686
1485
1464
1598
1894
1330
1582
1533
1419
1526
1364
1458
1288
1659
1479
1592
1532
1555
1341
1541
1414
1764
1336
1435
1537
1369
1619
1440
1649
1550
1471
1483
1336
1515
1373
1454
1646
1548
1462
1702
1409
1427
1438
1450
1541
1484
1415
1496
1465
2113
1506
1689
1650
1563
1486
1732
1653
1535
1637
1533
1378
1606
1539
1728
1656
1631
1447
1396
1390
1348
1491
1520
1509
1445
1354
1488
1654
1378
1750
1448
1501
1654
1347
1486
1466
1346
1314
1440
1608
1296
1507
1343
1416
1288
1407
1608
1920
1386
1571
1613
1671
1431
1380
1683
1529
1761
1570
2156
1349
1431
1931
1428
1564
1425
1597
1618
1520
1425
1398
1557
1519
1619
1814
1521
1369
1356
1336
1403
1413
1472
1452
1397
1455
1754
1471
1389
1702
1401
1426
1496
1433
1438
1418
1580
1468
1522
1311
1316
1853
1556
1567
1546
1382
2003
1748
1518
1475
1634
1689
1636
2235
1615
1618
1407
1450
1889
1568
1804
1582
2047
1601
1615
1452
1695
1790
1533
1813
1492
1479
1339
1371
1468
1517
1352
1389
1505
1538
1482
1599
1476
1509
1708
1412
1658
1375
1402
1452
1483
1477
1924
1609
1886
1616
1442
1407
1461
1522
1432
1438
1678
1514
1534
1486
1925
1724
1549
1457
1453
1578
1325
1471
1472
1457
1402
1477
1727
1995
1370
1228
1499
1508
1473
1640
1429
1470
1581
1740
1390
1988
1452
1586
1589
1486
1755
1575
1615
1436
1470
2089
1564
1420
1711
1555
1592
1236
1765
1634
1508
1774
1677
1399
1570
1479
1558
1358
1656
1523
1403
1362
1778
1448
1559
1416
1577
1633
1573
1517
1515
1527
1282
1396
1492
1975
1475
1495
1553
1918
1413
1437
1450
1910
1749
1916
1428
1578
1571
1729
1701
1493
1554
1497
1679
1510
1296
1404
1519
1696
1669
1447
1418
1407
1434
1360
1402
1552
1392
1521
1724
1455
1366
1407
1470
1359
1792
1552
1612
1424
1341
1479
1413
2165
1641
1495
1576
1467
1479
1596
1512
1414
1390
1644
1394
1324
1476
2204
1665
1445
1457
1492
1405
1542
1520
1598
1538
1615
1408
1379
1493
1376
1583
1396
1436
1417
1641
1698
1541
1383
1368
1570
1616
1444
2021
1702
1429
1711
1543
1628
1233
1461
1568
1432
1527
1455
1418
1719
1734
1426
1611
1479
1317
1248
1932
1547
1614
1512
1529
1782
1429
1309
1428
1385
1517
1576
1437
1457
1532
1603
1563
1617
1686
1382
2090
1446
1533
1440
1793
1517
1544
1321
1416
1514
1304
1286
1483
1351
1367
1721
1455
1425
1672
1641
1580
1495
1994
1415
1725
1430
1395
1435
1681
1451
1397
1421
1444
1827
1374
1650
1275
1421
1557
1506
1362
1542
1496
1491
1565
1481
1420
1398
1466
1430
1441
1348
1738
1618
1489
1412
2065
1571
1423
1781
1321
1546
1879
1735
1506
1629
1694
1541
1514
1485
1430
1771
1481
1483
1463
1410
1656
1487
1509
1677
1450
1413
1680
1678
1408
1376
1526
1587
1351
1501
1601
1573
1584
1649
1183
2151
1526
1611
1601
1560
1544
1560
1423
1614
1457
1503
1484
1540
1405
1394
1518
1527
1377
1537
1409
1393
1448
1418
1743
1394
1523
1353
1447
1570
1494
1621
1769
1282
1581
1656
1648
1639
1348
1537
1270
1662
1471
1337
1877
1519
1378
1696
1376
1807
1598
1565
1387
1395
1302
1397
1313
1505
1483
1358
1735
1416
1740
1692
1507
1521
1379
1523
1571
1547
1347
1560
1384
1841
1663
1418
1775
1406
1480
1412
1913
1629
1939
1541
1330
1490
1383
1468
1444
1363
1617
1694
1815
1312
2041
1671
1416
1600
2595
1465
1681
1457
1454
1558
1756
1564
1455
2280
1433
1513
1507
1480
1470
1540
1212
1417
1666
1666
1489
1850
1874
1312
1515
1516
1546
1481
1605
1656
1352
1504
1436
1505
1406
1481
1487
1436
1368
1509
1543
1698
1470
1738
1530
1740
1770
1527
1516
1616
1786
1389
1639
1394
1686
1638
1447
1512
1961
1596
1871
1942
1557
1550
1966
1499
1521
1375
1634
1378
1428
1855
1578
1451
1644
1388
1543
1501
1507
1559
1528
1503
1372
1600
1453
1813
1457
1553
1763
2023
1457
1679
2103
1460
1454
1481
1424
1494
1424
1347
1374
1403
1573
1691
1538
1556
1593
1474
1543
1587
1222
1513
1660
1545
1380
1321
1309
1627
1791
1861
1493
1442
1532
1421
1613
1876
1593
1397
1414
1378
1301
1737
1396
1534
1774
1453
1453
1380
1334
1702
1431
1308
1565
1486
1479
1927
1488
1350
1561
1276
1580
1610
2203
1639
1553
1374
1430
1626
1421
1501
2093
1504
1538
1440
1414
1536
1476
1571
1998
1357
1424
1380
1618
1579
1423
1435
1336
1392
1417
1425
1512
1318
1538
1532
1715
1700
1548
1546
1343
1510
1839
1756
1300
1311
1636
1643
1418
1516
1419
1623
1664
1744
1510
1382
1381
1556
1464
1481
1323
1426
1516
1416
1440
1576
1387
1464
2137
1431
1458
1280
1657
1565
1560
1359
1500
1785
1891
1524
1431
1385
1503
1311
1575
1485
1527
1537
1463
1482
1417
1506
1639
1418
1298
1395
1578
1597
2016
1585
1505
1505
1706
1385
1495
1663
1840
1822
1644
1441
1451
1400
1362
1782
1536
1580
1427
1509
1434
1392
1509
1962
1536
1381
1747
1670
1451
1951
1819
1372
1560
1494
1531
1450
1391
1389
1409
1388
1410
1646
2219
1551
1811
1608
1428
1477
1300
1615
1676
2636
1310
1334
1621
1367
1588
1497
1608
1549
1391
1490
1727
1504
1350
1420
1465
1427
1477
1493
1657
1359
1551
1545
1709
1268
1740
1828
1822
1515
1392
1474
1359
1565
1384
1387
1378
1809
1339
1423
1570
1558
1799
1591
1635
1509
1838
1648
1498
1757
1389
1498
1521
1394
1602
1417
1511
1654
1836
1622
1467
1909
1910
2207
1384
1630
1268
1531
1454
1342
1363
1412
1597
1349
1472
1478
1295
1592
1430
1488
1518
2237
1801
1573
2073
1953
1492
1397
1465
1782
1434
1387
1532
1505
1440
1470
1408
1357
1454
1352
1448
1671
1670
1547
1461
1609
1704
1550
1530
1449
1613
1376
1434
1480
1634
1481
1668
1484
1603
1481
1559
1444
1423
1432
1463
1433
1461
1266
1417
1488
1816
1301
1836
1521
1322
1492
1536
1878
1471
1452
1452
1348
1453
1316
1732
1522
1487
1852
1486
1562
1457
1769
1374
1524
1498
1462
1429
1399
1434
1324
1563
1543
1413
1378
1373
1981
1263
1312
1969
1365
1789
1583
1436
1559
1377
1462
1318
1378
1344
2377
1427
1353
1505
1612
1440
1334
1706
1698
1688
2437
1478
1608
2478
1509
1596
1740
1375
1705
1621
1566
1388
1457
1463
1564
1411
1540
1950
1339
1419
1499
1368
1536
1469
2633
1298
1544
1403
1452
1509
1474
1377
1741
1460
1631
1561
1572
2127
1448
1543
1508
1403
1454
1772
1479
1723
1469
1830
1497
1540
1514
1654
1519
1720
1470
1642
2006
1505
1609
1863
1401
2007
1494
1457
1556
1510
1567
1476
1663
1409
1666
1520
1644
1479
1446
1407
1234
1696
1384
1572
1386
1461
1525
1333
1505
1439
1491
1488
1536
1960
1594
1357
1445
1543
1366
1458
1416
1794
1484
2514
1648
1614
1622
1478
1318
1493
1369
1447
1485
1489
1233
1642
1373
1569
1850
1494
1777
1454
1536
1482
1512
1511
1599
1518
1450
1427
1561
1457
1460
1601
1570
1565
1378
2288
1375
1788
1576
1868
1261
1542
1438
1511
1635
1428
1410
1423
1552
1406
1443
1343
1486
1297
1495
1382
1356
1452
1582
1517
1413
1496
1466
1617
1506
1401
1906
1566
1493
1483
1569
1664
1486
1389
1511
1485
1440
1378
1501
1474
1392
1429
1362
1704
1492
1442
1438
1402
1684
1530
1569
1650
1415
1600
1523
1628
1331
2158
1445
1593
1672
1644
1402
1286
1486
1345
1629
1429
1306
1380
1443
1426
1486
1530
1507
1608
1474
1326
1434
1526
1483
1457
1540
1707
1624
1331
1431
1705
1427
1625
1477
1651
1716
1400
1556
1429
1433
1320
1374
1598
1910
1399
1720
1368
1749
1542
1553
1639
1447
1397
1361
1460
1632
1697
1553
1362
1484
1447
1393
1760
1477
1681
1314
1762
1402
1429
1448
1501
1522
1493
1704
1408
1518
1742
1500
2424
1818
1545
1429
1448
1384
1578
1695
1543
1540
1808
1293
1202
1704
1478
1514
1350
1475
1714
1465
1288
1675
1486
1443
1345
1202
1480
1530
1983
1433
1806
1416
1556
1627
1809
1329
1881
1500
1532
1492
1431
1554
1494
1374
1394
1790
1356
1385
1333
1505
1606
1558
1412
1408
1268
1470
1497
1638
1535
1654
1411
1911
1573
1479
1820
1419
1335
1576
1517
1576
1537
1524
1805
1367
1694
1328
1549
1539
1496
1579
1386
1505
1661
1468
1384
1381
1469
1627
1462
1633
1469
1458
1440
1687
1429
1588
1333
1487
1659
1512
1585
1502
1594
1412
1402
2057
1531
1359
1620
1646
1455
1512
1473
1553
1379
1567
1481
1349
1388
1357
1743
1495
1698
1410
1614
1375
1574
1423
1694
1707
1490
1675
1492
1594
1479
1572
1616
1737
1498
1642
1633
1409
1463
1376
1553
1530
1545
1427
1292
2084
1747
1425
1637
1616
1619
1489
1452
1495
1427
1572
1547
1342
1351
1407
1575
1791
1692
1634
1864
1590
1384
1352
1484
1913
1508
1504
1487
1727
1647
1493
1655
1337
1601
1589
1286
1553
1379
1677
1488
1418
1451
1508
1579
1432
1446
1597
1397
1530
1433
1591
1445
1749
1703
1518
1535
1390
1801
1463
1560
1607
1332
1365
1617
1304
1989
1339
1492
1518
1479
1523
1570
1506
1510
1671
1312
1595
1635
1707
1545
1751
1707
1320
1319
1448
1436
1609
1464
1483
1748
1746
1410
1640
1655
1646
1589
1546
1511
1750
1730
1372
1524
1601
1636
2261
1636
1335
1236
1445
1500
1999
1529
1467
1334
1343
1639
1383
1660
1470
1748
1467
1617
1377
1629
1504
1418
1629
2579
1305
1450
1487
1587
1528
1401
1446
1425
1891
1454
1430
1495
1544
1554
1491
1525
1505
1371
1332
1471
1750
1386
1355
1377
1388
1350
1831
1381
1783
1613
2370
1627
1255
1777
1606
1676
1605
1487
1471
1477
1530
1673
1436
1495
1366
1489
1480
1472
1397
1589
1405
2013
1802
1433
1296
1551
1270
1531
1397
1547
2074
1491
1759
1595
1351
1705
1406
1639
2026
1350
1468
1642
1490
1507
1611
1743
1475
1432
1442
1468
1556
1312
1459
1651
1490
1473
1734
1507
1556
1351
1445
1619
1269
1534
1444
1744
1441
1506
1526
1704
1445
1661
1466
1608
1352
1604
1427
1424
1662
1936
1728
1552
1662
1343
1476
1346
1492
1540
1596
1541
1661
1359
1528
1246
1575
1658
1385
1454
1497
1424
1528
1539
1336
1525
1456
2141
1476
1509
1447
1448
1428
1389
1635
1395
1443
1412
1524
1407
1397
1504
2097
1553
1432
1577
1370
1506
1964
1500
1488
1282
1400
1419
1441
1348
1468
1701
1864
1630
1316
1708
1679
1709
1445
1390
1309
1499
2072
1487
1302
1378
1365
1427
1535
1476
1425
1409
1730
1454
1744
1761
1657
1420
1329
1472
1566
1430
1481
1670
1406
1354
1985
1263
1576
1453
1478
1323
1710
1314
1460
1508
1331
1515
1674
1444
1398
1832
1591
1478
1362
1368
1723
1689
1272
1511
1715
1400
1200
1555
1427
1318
1319
1960
1552
1548
1709
1464
1759
1634
1663
1445
1695
1517
1811
1815
1513
1518
1667
1403
1383
1466
1378
1547
1495
1729
1418
1485
1434
1415
1674
1454
1476
1812
1374
1524
1383
1429
1517
1480
1706
1349
1451
1627
1537
2218
1466
1666
1455
1927
1703
1533
1785
2142
1369
1706
1802
1413
1484
1535
1579
1300
1452
1562
1664
1495
1533
1484
1604
1483
1549
1604
1685
1372
1374
1606
1471
1659
1400
1503
1798
1608
1322
1547
1374
1447
1373
1515
1317
1551
1592
1433
1432
1350
1370
1415
1498
1382
1511
1330
1383
1431
1461
1438
1779
1293
1308
1532
1470
1548
1898
1335
1420
1418
1535
1457
1493
1670
1446
1465
1590
2174
1590
1577
1371
1767
1517
1555
1416
1588
1422
1376
1434
1423
1364
1825
1365
1430
1435
1811
1465
1372
1858
1715
1590
1664
1512
1498
1395
1490
1527
1512
1474
1505
1496
1382
1419
1462
1450
1389
1697
1335
1476
1497
1669
1455
1499
1478
1928
1621
1356
1490
1578
1681
1417
1532
1499
1432
1753
1414
1655
1516
1426
1479
1569
1568
1843
1480
1447
1454
1310
1513
2140
1377
1585
1491
1264
1372
1510
1423
1464
1602
1629
1811
1711
1297
1405
1397
1682
1528
1548
1395
1378
1480
1428
1505
1445
1488
1601
1550
1540
1587
1489
1486
1430
1809
1534
1852
1595
1424
1776
1499
2710
1359
1617
1443
1374
1851
1274
1533
1477
1462
1664
1414
2129
1323
1427
1375
1402
1500
1558
1447
1518
1889
1675
1720
1499
1441
1397
1493
1422
1399
1425
1501
1629
1490
1550
1416
1485
1564
1910
1460
1603
1486
1560
1498
1431
1486
1486
1441
1366
1471
1463
1413
1604
1401
1652
1403
1887
1405
1496
1499
1549
1515
1540
1426
1465
1359
1551
1596
1670
1868
1490
1676
1875
1867
1646
1375
1558
1631
1366
1360
1547
1571
1528
1432
1356
1422
1438
1483
1331
1463
1446
1356
1676
1910
1375
1513
1511
1662
1493
1555
1452
1500
1603
1682
1567
1413
1429
1692
1476
1596
1390
1607
1821
2141
1553
1442
1459
2496
1367
2004
1406
1548
1333
1767
1827
1533
1515
1568
1452
1433
1650
1629
1520
1393
1364
1389
1466
1650
1554
1474
1600
1356
1571
1658
1393
1448
1477
1506
1685
1533
1447
1488
1427
1424
1472
1438
1507
1393
1283
1644
1498
1400
1679
1618
1714
1574
1574
1472
1552
1603
1353
1690
1745
1522
1641
1596
1497
1371
1445
1564
1439
1352
1560
1616
1835
1649
1452
2144
1554
1827
1448
1530
1983
1620
1630
1229
1873
1426
1376
1622
1492
1374
1737
1426
1826
1669
1473
1751
1446
1483
1535
1477
1391
1636
1675
1329
1548
1391
1437
1370
1577
1485
1504
1551
1428
1755
1329
1496
1532
1389
1524
1422
1739
1736
1419
1326
1449
1534
1443
1498
1796
1519
1339
1483
2099
1689
1369
1512
1303
1552
1713
1456
1524
1394
1981
1565
1657
1625
1606
1336
1587
1602
1471
1332
1434
1921
1704
1397
1791
1818
1540
1502
1761
1517
1309
1363
1787
1640
1720
1384
1294
1464
1803
1602
1519
1638
1615
1651
1387
1678
1585
1640
1406
1679
1717
1429
1533
1525
1739
1436
1595
1435
1637
1558
1644
1641
1504
1506
1380
1549
1402
1401
1459
1465
1295
1529
1484
1739
1422
1463
1667
1565
1393
1453
1442
1364
1453
1394
1500
1523
1254
1325
1424
1505
1392
1529
1477
1459
2240
1449
1589
1740
1499
1480
1751
1510
1437
1609
1490
1601
1665
1452
1487
1382
1686
1491
1442
1390
1502
1344
1385
1547
1525
1540
1450
1353
1582
1396
1551
1836
1390
1534
1953
1634
1881
1448
1362
1225
1384
1334
1336
1331
1629
1776
1530
1719
1495
1450
1563
1501
1351
1365
1525
1288
1423
1502
1428
1566
1483
1593
1724
2617
1294
1533
1671
1370
1462
1545
1484
1344
1357
1572
1861
1548
1496
1314
1422
1842
1434
1585
1704
1971
1431
1546
1496
1243
1452
1380
1567
1628
1505
1827
1577
1304
1324
1537
1501
1654
1519
1371
1181
1469
1637
1370
1630
1517
1668
1818
1541
1482
1439
1492
1725
1559
1435
1512
1564
1522
1356
1556
1393
1753
1651
1372
1446
1501
1411
1672
1475
1469
1704
1463
1280
1464
1332
1634
1430
1523
1557
1585
1579
1354
1627
1477
1595
1520
1618
1397
1450
1501
1392
1385
1461
1364
1579
1514
1560
1542
1668
1816
1509
1479
1655
1711
1581
1279
1468
1419
1530
1710
1518
1679
1870
1484
1457
1546
1478
1447
1443
1527
1469
1681
1420
1543
1376
1631
1529
1468
1378
1401
1531
1512
1522
1615
1449
1315
1465
1404
1547
1426
1730
1548
1517
1687
1738
1512
1365
2011
1806
1716
1666
1578
1558
1456
1457
1467
1661
1592
1596
1489
1471
1505
1519
1408
1332
1351
1500
1614
1489
1751
1511
1691
1757
1545
2262
1559
1626
1424
1648
1523
1502
1489
1620
1631
1429
1334
1423
1390
1338
1461
1627
1385
1538
1557
1606
1430
1601
1356
1624
1327
1410
1478
1460
1435
1359
1729
1384
1297
1633
1505
1433
1369
1475
1561
1472
1441
1401
1691
1382
1355
1529
1829
1480
1475
1431
1437
1476
1490
1632
1402
1347
1747
1557
1371
1506
1590
1336
1411
1704
1723
1459
1572
1384
1383
1360
1596
1448
1443
1492
1497
1530
1478
1328
1771
1564
1461
1335
1441
1268
1697
1421
1496
1375
1295
1643
1514
1671
1355
1365
1407
1455
1502
1471
1581
1530
1312
1494
1528
1688
1520
1664
1514
1456
1494
1605
1353
1447
1588
1524
1611
1604
1483
1543
1323
1555
1583
1584
1766
1498
1413
1505
1438
1655
1451
1466
1774
1284
1425
1437
1335
1471
1364
1578
1712
1733
1652
1917
1444
1442
1717
1474
1509
1451
1554
1669
1366
1578
1513
1515
1562
1501
1398
1352
1569
1486
1864
1447
1392
1358
1491
1556
1531
1429
1573
1538
1467
1323
1798
1411
1528
1504
1384
1677
1764
1472
1465
1657
1635
1582
1761
1587
1446
1352
1392
1417
1824
1603
1620
1353
1360
1380
1363
1452
1680
1536
1621
1585
1408
1536
1352
1481
1454
1349
1327
1552
1456
1254
1437
1694
1306
1699
1369
1471
1410
1412
1418
1782
1497
1459
1796
1569
1469
1472
1475
1488
1524
1486
1255
1469
1692
1604
1446
1503
1625
1574
1378
1693
1462
1435
1425
1376
1481
1349
1551
1623
1462
1447
1799
1548
1485
1463
1587
1469
1430
1726
1651
1529
1473
1324
1708
1540
1320
1376
1542
1506
1492
1564
1645
1348
1325
1443
1436
1596
1491
1573
1575
1458
1433
1662
1327
1742
1506
1457
1488
1619
1558
1731
1574
1290
1416
1566
1456
1528
1338
1558
1614
1557
1443
1332
1752
1460
1802
1527
1458
1520
1378
1529
1527
1438
1583
1530
1530
2089
1616
1681
1475
1371
1546
1461
1638
1577
1532
1710
1584
1446
1522
1382
1584
1385
1592
1404
1518
1529
1550
1773
1446
1487
1524
1403
2267
1529
1402
1693
1496
1633
1399
1363
1527
1405
1459
1789
1531
1620
1571
1434
1474
1544
1601
1801
1465
1340
1517
1434
1935
1595
2188
1449
1471
1639
1846
1452
1483
1284
1419
1763
1478
1518
1447
1355
1348
1348
1734
1420
1797
1403
1628
1687
1456
1496
1636
1536
1454
1396
1575
1514
1455
1549
1474
1661
1535
1556
1435
1332
1513
1502
1315
1261
1406
1584
1443
1580
1825
1469
1493
1598
1450
1632
1980
1474
1540
1609
1467
1492
1493
1500
1477
1342
1538
1337
1417
1383
1440
1579
1441
1530
1705
1435
1340
1431
1396
1369
1615
1662
1553
1536
1548
1706
1366
1440
1685
1444
1395
1483
1403
1793
1723
1386
1585
1731
1519
1896
2358
1341
1550
1309
1599
1343
1378
1603
1664
1488
1370
1545
1566
1820
1901
1638
1521
1864
1430
1686
1326
1805
1453
1863
1576
1419
1833
2182
1656
1351
1790
1678
1427
1429
1770
1689
1554
1506
1474
1762
1566
1554
1869
1527
1309
1541
1326
1365
1428
1681
1662
1989
1747
1765
1568
1709
1370
1458
1712
1642
1468
1477
1446
1653
1494
1490
1550
1677
1854
1662
1440
1513
1389
1351
1482
1744
1476
1444
1659
1475
1526
1675
1525
1396
1580
1462
1426
1569
1477
1761
1486
1664
1576
1463
1585
1479
1449
1404
1694
1731
1522
1536
1373
1597
1678
1452
1447
1574
1528
1688
1393
1429
1347
1553
1260
1546
1596
1340
1369
1462
1487
1510
1671
1612
1509
1415
2384
1326
1390
1392
1385
1896
1474
1388
1715
1650
1871
1403
1518
1504
1340
1435
1507
1521
1576
1543
1665
1442
1629
1379
1502
1595
1439
1970
1562
1530
1393
1532
1607
1469
1538
1613
1602
1404
1548
1559
1621
1579
1547
1386
1406
1393
2456
1409
1390
1679
1508
1681
1469
1421
1354
1350
1282
1675
1525
1382
1450
1820
1822
1473
1572
2042
1922
1539
1350
1403
1904
1592
1556
1811
1456
1436
1362
1683
1269
1454
1767
1708
1862
1695
1488
1657
1823
1651
1533
1508
1616
1651
1569
1296
1379
1694
1377
1470
1404
1593
1526
1390
1737
1362
1666
1354
1302
1991
1353
1520
1428
1605
1691
1447
1606
1645
1470
1336
1414
1802
1683
1410
1605
1709
1444
1367
1418
1353
1643
1437
1437
1413
1524
1479
1313
1335
1367
1459
1804
1491
1537
1646
1783
1395
1423
1562
1549
1540
1573
1418
1565
1569
1417
1480
1364
1911
1409
1335
1512
1447
1537
1510
1677
1504
2051
1474
1507
1496
1921
1450
1402
1501
1725
1500
1531
1458
1577
1363
1706
1391
1616
1442
1626
1426
1436
1599
2186
1645
1780
1345
1607
1708
1270
1646
1407
1581
1532
1610
1682
1519
1683
1254
1461
1472
1510
1547
1418
1289
1487
1453
1466
1288
1738
1488
1816
1419
1435
1480
1610
1548
1379
1907
2033
1390
1544
1258
1560
2071
1437
1489
1334
1500
1498
1370
1526
1477
1446
1720
1734
1697
2007
1469
2189
1435
1637
1664
1666
1404
1702
1439
1354
1361
1463
1515
1432
1911
1472
1382
1665
1676
1585
1415
1341
1540
1837
1498
1671
1430
1619
1430
1626
1443
1481
1527
1315
1433
1378
1432
1394
1411
2136
1446
1388
1323
1780
1434
1494
1536
1392
1360
1583
1983
1630
1692
1417
1579
1399
1414
1570
1552
1440
1460
1471
1702
1375
1698
1439
1774
1375
1446
1455
1523
1692
1693
1890
1600
1434
1365
1309
1546
1663
1589
1472
1583
1567
1407
1418
1489
1586
1398
1516
1373
1349
1443
1542
1534
1697
1396
1495
1551
1440
1429
1548
1505
1611
1502
1504
1449
1575
1598
1416
1682
1341
1523
1580
1531
1375
1484
1657
1494
1658
1411
1395
1550
1233
1459
1405
1458
1384
1705
1443
1609
1818
1457
1480
1424
1628
1754
1716
1378
1708
1430
1560
1679
1521
1649
1451
1391
1523
1495
1440
1585
1374
1507
1577
1496
1487
1853
1435
1763
1820
1498
1603
1412
1588
1948
1384
1589
1405
1491
1418
1603
1922
1364
1551
1589
1423
1418
1404
1281
1529
1563
1348
1462
1510
1472
1325
1570
1379
1352
1727
1432
1466
1510
1490
1463
1561
2109
1705
1549
1637
1484
1401
1571
1513
1470
1505
1432
1625
1377
1441
1564
1580
1516
1447
1323
1470
2049
1794
1356
1555
1487
1341
1487
1569
2053
1583
1672
1337
1421
1425
1609
1507
1463
1393
1725
1514
1365
1372
1509
1629
1749
1582
1458
1416
1657
1437
1580
1488
1373
1367
1431
1623
1484
1548
1287
1392
1458
1570
1435
1317
1610
1838
1352
1619
1619
1690
1412
1744
1593
1695
1298
1886
2033
1711
1598
1894
1412
1394
1338
1376
1360
1486
1649
1367
1362
1520
1582
1667
1693
1559
1592
1404
1413
1663
1508
1353
1485
1633
1422
1577
1482
1705
1699
1664
1486
1336
1429
1456
1496
1894
1373
1387
1500
1517
1309
1357
1490
1911
1599
2098
1629
1557
1461
1563
1695
1528
1389
2231
1442
1458
1444
1348
1791
1509
1515
1655
1495
1623
1562
1574
1611
1403
1481
1441
1483
1555
1615
1561
1593
1552
1561
1597
1517
2271
1613
1509
1703
1925
1635
1294
1472
1449
1563
1611
1386
1584
1424
1561
1560
1375
1684
1397
1387
1311
1509
1477
1441
1404
1466
1435
1697
1738
1420
1535
1715
1483
1521
1573
1414
1590
1623
1694
1597
1471
1551
1421
1496
1984
1692
1467
1651
1417
1413
1441
1353
1502
1610
1411
1387
1430
1576
1721
1465
1407
1464
1568
1667
1360
1488
1504
1610
1345
1376
1385
1429
1337
1542
2118
1386
1632
1545
1390
1355
1425
1491
1486
1359
1395
1383
1484
1421
1339
1362
1568
2312
1498
1761
1316
1525
1362
1516
1450
1366
1547
1580
1755
1800
1439
1411
1645
2450
1630
1411
1526
1590
1884
1947
1373
1616
1449
1363
1461
1374
1293
1490
1753
1493
1895
1654
1673
1613
1903
1368
1575
1516
1645
1374
1407
1284
1645
1387
1618
1357
1396
1586
1449
1423
1402
1437
1537
1423
1587
1487
1456
1607
1469
1481
1327
1589
1670
1662
1553
1557
1352
1305
1450
1347
1566
1615
1384
1367
1897
1522
1576
1479
1452
1432
1663
1597
1472
1452
1534
1505
1528
2636
1722
1395
1375
1766
1399
1578
1502
1529
1804
1411
1413
1355
1429
1565
1446
1462
1578
1606
1525
1379
1575
1399
1429
1435
1766
1703
1507
1609
1605
1491
1891
1563
1390
1444
1361
1589
1705
1422
1377
1334
1559
1353
1507
1694
1432
1572
1507
1500
1771
1577
1527
1827
1484
1401
1634
1604
1632
1645
1408
1500
